AEGIS-TRACE v2
model 23cfad0a3c7de2b676e176755f0848cd2cad8e71e2cdffea3d903a232c96e973
embed 3752cd5ca2e39593cdf0910968f8ff629d79417f253e33e1a1c4faa0ce33848e
vocab 5a1d79caf517084a73de5e5379d2995e61f23afaada91822da12ecb4ad7fcd8a
K 1
N 64
prompt-hex 53636f726520746869732063616e646964617465203120746f2035206f6e2074687265652063726974657269613a20457870657269656e63652c20436f6d6d756e69636174696f6e2c20546563686e6963616c20536b696c6c2e2047697665206f6e652073686f7274206a757374696669636174696f6e206c696e65207065722073636f72652e0a43616e6469646174653a2035207965617273206261636b656e6420656e67696e656572696e672c206c6564206120342d706572736f6e207465616d2c20507974686f6e20616e6420476f2c20636c65617220777269746572206f662064657369676e20646f63732e
commit 5a02e2cfb5f6d6228695d0d150e61447892a9ff4
host aefinity-box2
step 0: toks=979,306,76,79,12,350,507,266,324,845,14,979,306,76,79,12,350,507,266,324,845,14,627,507,266,324,845,267,367,539,429,770,1074,14,1207,350,1655,485,199,35,794,76,79,1104,14,341,2816,14,341,283,259,1443,616,12,416,1065,1222,14,341,414,266,665,685,672 tool=no-tool in= out= decode-chain=743798cd5f514ac9be51dfe710a11f6f9d5ee1d9d43860fc7916d9deca371738 ctx=e4e8f5ab83cbe00d9e424bb579513b315805a2422614a5e8f7bd5c847b2669b4 q=e4e8f5ab83cbe00d9e424bb579513b315805a2422614a5e8f7bd5c847b2669b4
trace-chain 6e544f3143d6517633ead77090a8de5d062996a5a191f9f081afe40b8eb57683
