AEGIS-TRACE v2
model 23cfad0a3c7de2b676e176755f0848cd2cad8e71e2cdffea3d903a232c96e973
embed 3752cd5ca2e39593cdf0910968f8ff629d79417f253e33e1a1c4faa0ce33848e
vocab 5a1d79caf517084a73de5e5379d2995e61f23afaada91822da12ecb4ad7fcd8a
K 1
N 64
prompt-hex 53636f726520746869732063616e646964617465203120746f2035206f6e2074687265652063726974657269613a20457870657269656e63652c20436f6d6d756e69636174696f6e2c20546563686e6963616c20536b696c6c2e2047697665206f6e652073686f7274206a757374696669636174696f6e206c696e65207065722073636f72652e0a43616e6469646174653a204e6f207072696f722070726f66657373696f6e616c20657870657269656e63652c20726563656e742067726164756174652c207374726f6e672061636164656d6963207265636f726420696e206d617468656d61746963732e
commit 5a02e2cfb5f6d6228695d0d150e61447892a9ff4
host aefinity-box2
step 0: toks=199,35,794,293,89,391,393,283,386,904,372,338,14,341,327,12,319,1112,283,259,386,566,826,12,786,794,293,89,14,627,491,259,386,566,4526,402,199,35,794,293,89,571,267,327,12,319,847,350,12,1535,14,340,871,350,402,199,418,873,14,0,437,446,259,403 tool=no-tool in= out= decode-chain=322004d119418f5e46530aaa257b9e176f1c8c93bc0b97624b6e7781e13be28f ctx=ed07c166eef4abf1da0ba37a7a44d5d3f8e7292fa416f686ffb782f18b8ab90f q=ed07c166eef4abf1da0ba37a7a44d5d3f8e7292fa416f686ffb782f18b8ab90f
trace-chain 1ef8075bafa7bc74ab047222a0d9b61c7c94d3baf1973fb487afe7c23feb3ec0
