AEGIS-TRACE v2
model 23cfad0a3c7de2b676e176755f0848cd2cad8e71e2cdffea3d903a232c96e973
embed 3752cd5ca2e39593cdf0910968f8ff629d79417f253e33e1a1c4faa0ce33848e
vocab 5a1d79caf517084a73de5e5379d2995e61f23afaada91822da12ecb4ad7fcd8a
K 1
N 64
prompt-hex 53636f726520746869732063616e646964617465203120746f2035206f6e2074687265652063726974657269613a20457870657269656e63652c20436f6d6d756e69636174696f6e2c20546563686e6963616c20536b696c6c2e2047697665206f6e652073686f7274206a757374696669636174696f6e206c696e65207065722073636f72652e0a43616e6469646174653a20313220796561727320696e206c6f67697374696373206d616e6167656d656e742c206e6f20636f64696e67206261636b67726f756e642c20657863656c6c656e74207374616b65686f6c64657220636f6d6d756e69636174696f6e2e
commit 5a02e2cfb5f6d6228695d0d150e61447892a9ff4
host aefinity-box2
step 0: toks=199,35,794,293,89,283,404,904,372,1933,14,341,366,1441,311,1,341,366,3777,266,653,263,1191,4645,14,199,35,794,293,89,283,404,904,372,1933,14,341,366,3777,266,653,263,1191,4645,14,341,283,404,904,372,1933,14,0,437,446,259,403,12,407,283,259,397,484,408 tool=no-tool in= out= decode-chain=62ffa2d47a2f75f2d2860738ca3757cf6b846b425edfdd8c81ad934985645ee6 ctx=906c3f4cd4f57e7b98e753f8171e350674705384a36b074b7803ba04b1381823 q=906c3f4cd4f57e7b98e753f8171e350674705384a36b074b7803ba04b1381823
trace-chain 4f64b6ac0e876fbfa1fa91eef7cc9f312e0788eef88cea62e76a6ba8e63502e6
