AEGIS-TRACE v2
model 23cfad0a3c7de2b676e176755f0848cd2cad8e71e2cdffea3d903a232c96e973
embed 3752cd5ca2e39593cdf0910968f8ff629d79417f253e33e1a1c4faa0ce33848e
vocab 5a1d79caf517084a73de5e5379d2995e61f23afaada91822da12ecb4ad7fcd8a
K 1
N 64
prompt-hex 53636f726520746869732063616e646964617465203120746f2035206f6e2074687265652063726974657269613a20457870657269656e63652c20436f6d6d756e69636174696f6e2c20546563686e6963616c20536b696c6c2e2047697665206f6e652073686f7274206a757374696669636174696f6e206c696e65207065722073636f72652e0a43616e6469646174653a2032207965617273206a756e696f7220646576656c6f7065722c204a617661536372697074206f6e6c792c207374727567676c656420696e2070616e656c20696e7465727669657720746f206578706c61696e20706173742070726f6a6563742e
commit 5a02e2cfb5f6d6228695d0d150e61447892a9ff4
host aefinity-box2
step 0: toks=199,2,1078,438,740,485,604,794,73,550,12,3641,266,263,823,14,199,2,1023,391,259,1924,648,327,604,794,73,12,319,1023,391,259,1924,12,267,311,391,386,998,402,199,42,794,73,571,14,319,1112,391,1191,648,398,327,14,319,41,929,1114,266,851,311,420,199,42 tool=no-tool in= out= decode-chain=062f910db2ffa74f3088a927a6b61a93319cb2563942904f22f1e83ed97554a9 ctx=4ab5f2696d75e456893d7cc54908f78ac18f710791d4b20f51a1dca853568232 q=4ab5f2696d75e456893d7cc54908f78ac18f710791d4b20f51a1dca853568232
trace-chain ad5753bc87ec17eb84bdf479870c26fa39f37590a8dfdf7bccd074d042edd710
