AEGIS-TRACE v2
model 23cfad0a3c7de2b676e176755f0848cd2cad8e71e2cdffea3d903a232c96e973
embed 3752cd5ca2e39593cdf0910968f8ff629d79417f253e33e1a1c4faa0ce33848e
vocab 5a1d79caf517084a73de5e5379d2995e61f23afaada91822da12ecb4ad7fcd8a
K 1
N 64
prompt-hex 53636f726520746869732063616e646964617465203120746f2035206f6e2074687265652063726974657269613a20457870657269656e63652c20436f6d6d756e69636174696f6e2c20546563686e6963616c20536b696c6c2e2047697665206f6e652073686f7274206a757374696669636174696f6e206c696e65207065722073636f72652e0a43616e6469646174653a20382079656172732064697374726962757465642073797374656d732c207075626c69736865642074776f20696e7465726e616c20524643732c20717569657420696e2067726f75702073657474696e67732e
commit 5a02e2cfb5f6d6228695d0d150e61447892a9ff4
host aefinity-box2
step 0: toks=199,35,794,293,89,283,404,737,266,507,263,553,1029,14,341,601,628,263,715,12,2429,267,2429,14,341,283,404,383,388,398,366,1590,263,1029,14,199,35,794,293,89,283,404,904,372,1933,14,341,366,1590,263,1029,267,283,404,904,372,1933,14,341,366,1590,263,1029,1 tool=no-tool in= out= decode-chain=c75bd27c277610810490818fd8a0840b1d5c4e6fe6d60af90c0d04e216606e5a ctx=5b84d769cd04a62b1acde5c74a8d36f331c4a65a6a34c79b38baa0764da08d22 q=5b84d769cd04a62b1acde5c74a8d36f331c4a65a6a34c79b38baa0764da08d22
trace-chain 641212240c944e008a72a090341c3ab1e38fa7841bafce5f8f9005cfe5ca04fa
