AEGIS-TRACE v2
model 23cfad0a3c7de2b676e176755f0848cd2cad8e71e2cdffea3d903a232c96e973
embed 3752cd5ca2e39593cdf0910968f8ff629d79417f253e33e1a1c4faa0ce33848e
vocab 5a1d79caf517084a73de5e5379d2995e61f23afaada91822da12ecb4ad7fcd8a
K 1
N 64
prompt-hex 53636f726520746869732063616e646964617465203120746f2035206f6e2074687265652063726974657269613a20457870657269656e63652c20436f6d6d756e69636174696f6e2c20546563686e6963616c20536b696c6c2e2047697665206f6e652073686f7274206a757374696669636174696f6e206c696e65207065722073636f72652e0a43616e6469646174653a2031207965617220696e7465726e7368697020657870657269656e63652c2065616765722c207375626d69747465642061207374726f6e672074616b652d686f6d652070726f6a6563742c206c696d6974656420636f6d6d756e69636174696f6e2073616d706c65732e
commit 5a02e2cfb5f6d6228695d0d150e61447892a9ff4
host aefinity-box2
step 0: toks=199,35,794,293,89,283,404,904,372,1933,14,341,366,1590,263,1206,267,283,404,904,372,1933,14,341,366,1590,263,1206,267,283,404,904,372,1933,14,199,35,794,293,89,283,404,904,372,1933,14,341,366,1590,263,1206,267,283,404,904,372,1933,14,341,366,1590,263,1206,267 tool=no-tool in= out= decode-chain=7ca8ec6a0ea2987f7b8b24a9bc0ad93a0792fc22715eb2bb58f9b259b173e1d7 ctx=41fb2ae16cc259fcf9b848f2ebf00c95956a540be9b9f7fd4c30cd54775f4817 q=41fb2ae16cc259fcf9b848f2ebf00c95956a540be9b9f7fd4c30cd54775f4817
trace-chain e8bb55175167197984908a4374c559a9661ab5ba933a12e90e8d6a538f447fad
