AEGIS-TRACE v2
model 23cfad0a3c7de2b676e176755f0848cd2cad8e71e2cdffea3d903a232c96e973
embed 3752cd5ca2e39593cdf0910968f8ff629d79417f253e33e1a1c4faa0ce33848e
vocab 5a1d79caf517084a73de5e5379d2995e61f23afaada91822da12ecb4ad7fcd8a
K 1
N 64
prompt-hex 53636f726520746869732063616e646964617465203120746f2035206f6e2074687265652063726974657269613a20457870657269656e63652c20436f6d6d756e69636174696f6e2c20546563686e6963616c20536b696c6c2e2047697665206f6e652073686f7274206a757374696669636174696f6e206c696e65207065722073636f72652e0a43616e6469646174653a20313520796561727320746563686e6963616c206c6561646572736869702c206672657175656e7420636f6e666572656e636520737065616b65722c20646565702073797374656d73206b6e6f776c656467652e
commit 5a02e2cfb5f6d6228695d0d150e61447892a9ff4
host aefinity-box2
step 0: toks=199,35,794,293,89,283,404,737,266,626,672,263,1029,14,341,283,404,904,372,1933,267,263,1029,398,366,588,14,341,366,699,259,656,267,283,404,904,372,1933,14,199,418,873,14,0,437,446,259,403,12,407,283,259,397,484,408,411,14,341,510,266,326,331,338,623 tool=no-tool in= out= decode-chain=59d8fe622800c7cd530baa670030f9bee6328a9304974e522dd3d5a4f5c57085 ctx=4348c73e548d58ffcc84c6f1827331dd29ccbcd976b80b440be496b5d36c7c58 q=4348c73e548d58ffcc84c6f1827331dd29ccbcd976b80b440be496b5d36c7c58
trace-chain ae4d341849f39455cb897490f30a2218078ba830cb09e9506af11ade31713292
