AEGIS-TRACE v2
model 23cfad0a3c7de2b676e176755f0848cd2cad8e71e2cdffea3d903a232c96e973
embed 3752cd5ca2e39593cdf0910968f8ff629d79417f253e33e1a1c4faa0ce33848e
vocab 5a1d79caf517084a73de5e5379d2995e61f23afaada91822da12ecb4ad7fcd8a
K 1
N 64
prompt-hex 53636f726520746869732063616e646964617465203120746f2035206f6e2074687265652063726974657269613a20457870657269656e63652c20436f6d6d756e69636174696f6e2c20546563686e6963616c20536b696c6c2e2047697665206f6e652073686f7274206a757374696669636174696f6e206c696e65207065722073636f72652e0a43616e6469646174653a2033207965617273205141206175746f6d6174696f6e2c2064657461696c206f7269656e7465642c206176657261676520636f6d6d756e69636174696f6e2c20736f6d6520507974686f6e20736372697074696e672e
commit 5a02e2cfb5f6d6228695d0d150e61447892a9ff4
host aefinity-box2
step 0: toks=199,35,794,293,89,283,404,737,266,507,263,1725,1029,14,341,601,628,263,531,12,2429,267,1773,14,341,283,404,383,388,398,366,1590,263,1029,14,199,35,794,293,89,391,393,283,404,904,372,338,14,341,327,12,319,543,491,404,1674,12,786,794,293,89,1,627,1590 tool=no-tool in= out= decode-chain=bb28bd469a66303d73cf0a38b8736bc892baec5fc601e289cba8ef1255dbef46 ctx=b71d498ed17f566e4867c24c0cafcfaec62f163c3241a01c6cd31e0ca37c4c5c q=b71d498ed17f566e4867c24c0cafcfaec62f163c3241a01c6cd31e0ca37c4c5c
trace-chain a56451cc2598859d0b5cf664c19e9793470907cf08a42841b8fadd3a1225c024
