AEGIS-TRACE v2
model 23cfad0a3c7de2b676e176755f0848cd2cad8e71e2cdffea3d903a232c96e973
embed 3752cd5ca2e39593cdf0910968f8ff629d79417f253e33e1a1c4faa0ce33848e
vocab 5a1d79caf517084a73de5e5379d2995e61f23afaada91822da12ecb4ad7fcd8a
K 1
N 64
prompt-hex 53636f726520746869732063616e646964617465203120746f2035206f6e2074687265652063726974657269613a20457870657269656e63652c20436f6d6d756e69636174696f6e2c20546563686e6963616c20536b696c6c2e2047697665206f6e652073686f7274206a757374696669636174696f6e206c696e65207065722073636f72652e0a43616e6469646174653a204e6f20746563686e6963616c206261636b67726f756e642c20636172656572206368616e6765722066726f6d207465616368696e672c20686967686c79206172746963756c6174652c2074616b696e6720616e206f6e6c696e6520435320636f757273652e
commit 5a02e2cfb5f6d6228695d0d150e61447892a9ff4
host aefinity-box2
step 0: toks=786,794,77,818,12,350,1429,324,845,267,367,539,259,1190,14,786,794,77,818,12,350,1429,324,845,267,4479,14,1349,391,263,1191,1244,266,381,402,199,35,794,77,818,1104,267,327,12,319,41,622,12,340,2046,402,199,35,794,77,818,391,393,571,267,327,12,319,1112 tool=no-tool in= out= decode-chain=98227027157c68080c6c9c602847e117a6a4b60b52517f372e20720acfc7e800 ctx=b623d2e3b736d455a697f64a489f68421aca5422a28b1438ecb0c0759f7d809f q=b623d2e3b736d455a697f64a489f68421aca5422a28b1438ecb0c0759f7d809f
trace-chain 2730c9881521f12c7d6ccb0b187ce12d8304dc8d41ad66e8eff3d3a6727bf42e
