AEGIS-TRACE v2
model 23cfad0a3c7de2b676e176755f0848cd2cad8e71e2cdffea3d903a232c96e973
embed 3752cd5ca2e39593cdf0910968f8ff629d79417f253e33e1a1c4faa0ce33848e
vocab 5a1d79caf517084a73de5e5379d2995e61f23afaada91822da12ecb4ad7fcd8a
K 1
N 64
prompt-hex 53636f726520746869732063616e646964617465203120746f2035206f6e2074687265652063726974657269613a20457870657269656e63652c20436f6d6d756e69636174696f6e2c20546563686e6963616c20536b696c6c2e2047697665206f6e652073686f7274206a757374696669636174696f6e206c696e65207065722073636f72652e0a43616e6469646174653a203620796561727320736974652072656c696162696c69747920656e67696e656572696e672c206f6e2d63616c6c20657870657269656e63652c20746572736520696e2077726974696e672c207374726f6e6720696e636964656e7420706f73746d6f7274656d732e
commit 5a02e2cfb5f6d6228695d0d150e61447892a9ff4
host aefinity-box2
step 0: toks=199,35,794,73,283,404,904,372,338,1154,12,398,719,266,760,311,266,263,531,14,341,283,404,737,266,711,338,417,338,553,3095,14,199,1042,398,2005,456,263,531,12,398,389,259,2705,372,1754,593,14,341,550,500,12,319,1635,350,371,266,1515,830,485,199,418,1754,412 tool=no-tool in= out= decode-chain=21989f2b8df886d4b14f0c57572b9796fbd4495719dade2ff937a002391f8f67 ctx=e3d463dfd9e3c1c0bdc292e900ecc2ed7c772977d2078aabf2cfd945aa995d81 q=e3d463dfd9e3c1c0bdc292e900ecc2ed7c772977d2078aabf2cfd945aa995d81
trace-chain d79202409adc66a4c10a58ca9493b1bc7ac12ec7160b52d4138229c2ca576369
